6.57
6.57
6.57
6.47
6.47
6.57
6.57
6.57
6.57
6.47
6.47
6.57
6.57
6.57
6.47
6.47
6.57
6.57
6.57
6.57
6.47
6.47
6.57
6.57
6.57
6.57
6.47
6.47
6.57
6.57
6.57
6.47
6.47
6.57
6.57
6.57
6.57
6.47
6.47
6.57
6.57
6.57
6.52
6.47
6.47
6.57
6.57
6.57
6.47
6.47
6.57
6.57
6.57
6.57
6.47
6.47
6.57
6.57
6.57
6.47
6.47
6.47
6.57
6.57
6.57
6.47
6.47
6.57
6.57
6.57
6.57
6.47
6.47
6.57
6.57
6.57
6.47
6.47
6.47
6.57
6.57
6.57
6.47
6.47
6.57
6.57
6.57
6.57
6.47
6.47
6.57
6.57
6.57
6.47
6.47
6.57
6.57
6.57
6.57
6.47
6.47
6.57
6.57
6.57
5.59
6.14
7.44
8.52
8.52
8.09
8.09
8.20
8.20
8.09
8.20
9.23
9.12
9.12
9.23
9.12
9.12
9.23
9.12
9.11
9.23
9.12
9.12
9.23
9.11
9.12
9.23
9.12
9.12
9.23
9.12
9.12
9.23
9.12
9.11
9.23
9.12
9.12
9.23
9.12
9.12
9.23
9.12
9.12
9.23
9.12
9.12
9.23
8.42
9.47
10.94
11.16
12.64
12.21
12.66
12.55
12.55
12.54
12.54
12.66
12.55
12.64
12.55
12.54
12.54
12.54
12.66
12.54
12.66
12.54
12.54
12.55
12.55
12.66
12.55
12.66
12.55
12.54
12.90
12.90
12.66
13.93
13.24
13.91
13.91
15.02
14.61
15.30
16.29
15.74
15.97
16.91
15.64
15.74
15.64
15.97
15.97
15.06
14.94
14.94
14.94
14.94
14.94
14.94
15.04
14.94
14.95
15.06
14.95
14.95
14.95
14.94
14.94
14.94
15.04
14.94
14.94
15.06
14.94
14.95
14.95
14.95
14.94
14.94
15.06
14.94
14.94
15.04
14.95
14.94
14.94
14.95
14.94
14.95
15.06
14.95
14.94
15.06
14.94
14.94
14.94
14.94
14.94
14.95
15.06
14.95
14.94
14.99
14.94
14.94
14.94
14.94
14.94
14.95
15.06
14.95
14.94
14.95
14.94
14.95
14.94
14.94
14.94
14.94
15.04
14.94
14.94
14.95
14.94
14.94
14.95
14.94
14.94
14.95
15.04
14.94
14.94
14.95
14.94
14.94
14.95
14.95
14.94
14.95
15.04
14.95
14.95
14.94
15.97
15.97
16.28
17.24
16.70
16.60
16.60
16.60
16.60
16.70
16.60
16.60
16.60
16.60
16.64
16.60
16.60
16.60
16.60
16.60
16.60
16.60
16.60
16.60
16.60
16.60
16.60
16.60
16.60
16.60
16.60
16.60
16.60
16.60
16.60
16.60
16.60
16.60
16.60
16.60
16.60
16.60
16.60
16.60
16.60
16.60
16.60
16.60
16.60
16.60
16.60
16.60
16.60
16.70
16.60
16.60
16.60
16.60
16.70
16.60
16.60
16.60
16.60
16.65
16.60
16.60
16.60
16.60
16.60
16.60
16.60
16.60
16.60
16.60
16.60
16.60
16.60
16.60
16.60
16.60
16.60
16.60
17.56
18.11
17.89
17.89
17.89
17.89
17.56
17.56
17.56
17.58
17.56
17.58
17.56
17.56
17.56
17.56
17.56
17.56
17.56
17.56
17.56
17.56
17.56
17.58
17.56
17.56
17.56
17.56
17.56
17.56
17.56
17.58
18.20
19.50
19.81
19.50
20.13
20.46
20.46
20.46
21.42
21.42
21.42
21.42
21.42
21.42
21.42
21.32
21.32
21.32
21.42
20.13
20.13
20.13
21.42
21.40
21.42
21.42
21.42
20.13
21.42
21.42
21.42
21.42
21.42
21.32
21.32
21.32
21.42
21.42
21.42
21.42
20.13
20.44
21.75
23.26
23.26
22.86
22.57
23.55
24.42
24.40
23.44
23.44
22.96
22.95
22.96
22.96
22.84
22.86
22.96
22.96
22.96
22.96
22.86
22.86
22.96
22.96
22.95
22.96
22.96
22.86
22.90
22.96
22.95
22.96
23.55
24.30
23.53
23.55
23.55
23.55
23.44
23.55
23.55
23.53
23.53
23.43
23.44
23.55
23.55
23.55
23.43
23.44
23.55
23.55
23.53
23.43
23.44
23.55
23.55
23.55
23.43
23.44
23.55
23.55
23.55
23.55
23.44
23.55
23.55
23.55
23.55
23.44
23.44
23.55
23.53
23.55
23.43
23.44
23.55
23.53
23.55
23.44
23.44
23.55
23.55
23.55
23.44
23.44
23.55
23.53
23.55
23.55
23.44
23.46
23.53
23.55
23.55
23.44
23.43
23.55
23.55
23.55
23.44
23.44
23.55
23.55
23.53
23.43
23.43
23.55
23.55
23.55
23.53
23.43
23.55
23.53
23.55
23.55
23.44
23.44
23.55
23.55
23.53
23.43
23.44
23.55
23.55
23.55
23.44
23.43
23.53
23.55
23.53
23.43
23.44
23.82
24.70
25.30
26.05
26.75
26.65
25.76
25.88
25.78
25.78
25.86
25.88
25.78
25.86
25.88
25.76
25.88
25.88
25.76
25.88
25.88
25.78
27.34
27.23
26.34
26.46
26.34
26.34
26.46
26.34
26.45
26.45
26.36
26.46
26.46
26.36
26.46
26.36
26.36
26.46
26.36
26.36
26.46
26.36
26.46
26.46
26.36
26.45
26.46
26.36
26.45
26.34
26.36
27.34
26.36
26.45
26.45
26.36
26.46
26.46
26.34
26.46
26.34
26.36
26.46
26.36
26.94
27.05
28.38
28.50
27.51
28.21
29.24
30.12
30.01
30.13
28.97
29.76
29.76
29.22
29.22
28.67
28.67
28.67
28.67
28.67
28.67
28.69
28.67
28.79
28.67
28.79
28.69
28.78
28.69
28.78
28.69
28.78
28.69
28.79
28.69
28.79
28.69
28.78
28.69
28.78
28.69
28.78
28.69
28.78
28.69
28.78
28.69
28.78
28.67
29.33
29.24
29.34
29.24
29.34
29.24
29.33
29.24
29.34
29.24
29.24
29.24
29.24
29.24
29.22
29.24
29.22
29.33
29.24
29.34
29.24
29.33
29.22
29.33
29.22
29.33
29.24
29.34
29.22
29.34
28.40
28.19
25.78
26.74
25.88
25.78
25.88
25.88
25.76
25.88
25.88
25.78
25.88
25.88
25.76
25.88
25.88
25.78
25.78
25.88
25.76
25.78
25.88
25.76
25.76
25.88
25.78
25.78
25.88
25.76
25.78
27.34
27.23
26.45
27.34
27.22
25.88
27.23
27.22
27.32
27.23
27.34
27.23
27.22
27.34
27.22
27.34
27.22
25.88
27.32
27.23
27.32
27.23
27.22
27.32
25.78
25.88
25.86
25.78
25.88
27.32
27.22
25.88
27.22
25.78
27.32
25.78
25.86
25.88
25.78
25.76
25.88
25.78
25.78
25.88
25.76
25.78
25.86
25.78
25.78
27.34
26.36
26.36
25.59
26.34
26.36
26.46
26.34
26.45
26.46
26.36
26.45
26.34
26.36
26.46
26.36
26.36
26.45
26.36
26.46
26.46
27.22
25.59
23.26
22.96
22.86
22.84
22.96
22.96
23.55
23.55
23.44
23.44
23.55
23.55
24.42
23.43
23.44
23.55
23.55
23.55
23.43
23.43
23.55
23.55
23.55
23.44
23.43
23.53
23.55
23.53
23.44
23.44
23.53
23.55
23.55
23.53
23.44
23.55
23.55
23.55
23.55
23.43
23.43
24.42
23.84
22.96
21.32
20.99
20.99
20.36
20.36
20.77
19.81
19.81
19.72
19.71
19.71
19.71
19.71
19.71
19.81
19.81
19.81
19.81
19.81
19.83
19.81
19.81
19.83
19.83
19.81
19.83
19.83
19.81
20.79
20.79
20.77
19.81
20.77
19.81
20.13
20.13
20.13
21.42
21.32
21.32
21.32
21.42
21.42
21.42
21.42
21.42
20.13
21.42
20.13
20.13
20.13
20.13
21.42
21.42
20.13
20.13
20.13
20.13
20.13
20.13
20.13
20.13
20.13
20.13
20.13
20.13
20.13
20.13
20.13
20.13
20.13
20.13
20.13
20.13
20.13
20.46
19.81
19.17
18.21
17.89
17.89
17.89
17.89
17.89
17.89
18.21
18.21
18.20
18.21
17.24
17.24
18.42
17.58
17.56
17.58
17.56
17.56
17.56
17.56
17.56
17.56
17.58
17.56
17.25
17.58
17.25
17.24
17.25
17.24
17.25
17.25
17.25
17.24
17.25
17.24
17.25
17.58
17.56
17.56
16.60
16.60
16.60
16.60
16.60
16.60
16.60
17.56
17.58
17.24
17.24
17.24
17.24
17.24
17.24
17.24
17.24
17.24
17.24
17.25
17.24
17.24
17.24
17.25
17.24
17.24
17.24
17.24
17.25
17.24
17.25
17.24
17.24
17.24
17.25
17.24
17.24
17.24
18.21
18.13
18.20
18.21
18.20
18.21
16.93
16.93
16.93
16.91
16.91
16.91
16.93
16.91
16.93
16.91
18.21
16.93
16.93
16.93
16.91
16.91
16.93
16.93
16.93
16.98
16.93
16.93
16.91
16.93
16.91
16.93
16.91
16.93
16.93
16.93
16.93
16.93
16.91
16.91
16.93
16.93
16.91
16.93
16.93
16.93
16.93
16.93
16.91
16.91
16.93
16.93
17.01
16.93
16.91
16.91
16.93
16.91
16.93
16.93
16.91
16.91
16.93
16.93
16.93
16.91
16.91
16.93
16.91
16.93
16.93
16.93
16.91
18.20
18.09
18.20
16.91
16.91
16.91
16.91
17.03
16.91
16.93
16.91
16.93
16.91
16.91
17.89
17.89
17.89
17.89
17.89
17.89
17.89
17.89
17.89
17.87
17.89
17.89
17.89
17.78
17.89
17.89
17.89
17.89
17.89
17.89
17.89
17.87
17.89
17.89
17.89
17.87
17.87
17.89
17.89
17.89
17.89
17.89
17.89
17.89
17.89
17.89
17.89
17.89
17.89
17.89
17.89
17.89
17.89
17.89
16.28
15.64
15.64
15.28
15.28
15.30
16.28
15.04
14.94
14.94
15.95
15.97
14.95
15.97
15.95
15.95
15.95
15.95
15.97
15.97
15.95
15.97
15.97
16.07
15.95
15.97
15.95
16.07
15.95
15.95
15.95
15.95
15.95
15.97
15.97
15.95
15.97
15.97
14.59
15.95
15.95
14.59
14.59
15.95
15.95
14.94
14.59
13.22
11.85
13.00
11.52
11.61
11.51
12.98
11.51
11.63
11.51
11.63
11.51
11.63
11.52
11.63
11.52
11.63
11.52
11.63
11.52
11.61
11.52
11.52
11.52
11.52
11.51
11.51
11.51
11.51
11.52
11.52
11.18
10.26
8.78
8.88
8.88
8.78
8.88
8.88
8.78
8.78
8.88
8.78
8.78
8.88
8.78
8.76
8.88
8.88
8.78
8.88
8.88
8.78
8.78
8.88
8.78
8.78
8.88
8.78
8.78
8.88
8.88
8.78
8.88
8.88
8.78
8.78
8.88
8.78
8.78
8.88
8.78
8.78
8.88
8.88
8.78
8.88
8.88
8.78
8.78
8.88
8.78
8.78
8.88
8.78
8.78
8.88
8.88
8.78
8.88
8.88
8.78
8.78
8.88
8.78
8.76
8.88
8.78
8.78
8.88
8.88
8.78
8.88
8.88
8.78
8.78
9.23
7.77
7.12
6.24
6.24
6.24
6.57
6.47
5.49
5.57
5.59
5.59
5.59
5.59
5.59
5.49
5.49
5.49
5.59
5.59
5.59
5.59
5.59
5.49
5.49
5.49
5.59
5.59
5.59
5.59
6.57
5.49
6.47
6.47
6.57
6.57
6.57
6.47
6.47
6.57
6.57
6.57
6.57
6.47
6.47
6.57
6.57
6.57
6.47
6.47
6.57
6.57
6.57
5.92
90.91
90.91
90.48
90.83
4.84
6.14
6.24
5.92
5.59
5.59
5.59
5.49
5.49
5.59
5.59
5.59
5.92
5.92
5.81
5.81
5.81
5.92
5.92
5.92
5.92
5.92
5.81
5.81
5.92
5.92
5.92
5.92
5.92
5.81
5.81
5.92
5.92
5.92
5.92
5.92
5.81
5.81
5.92
5.92
5.92
5.92
5.92
5.81
5.81
5.92
5.92
5.92
5.92
5.92
5.81
5.81
5.92
5.92
5.92
5.92
5.92
6.14
6.47
7.87
8.52
7.12
8.78
8.20
9.23
9.12
9.23
9.23
9.11
9.23
9.23
9.12
9.23
9.23
9.11
9.23
9.23
9.12
9.23
9.23
9.12
9.23
9.23
9.12
9.23
9.23
8.76
8.78
9.57
9.81
10.84
11.85
11.52
11.87
11.97
11.87
11.97
11.85
11.97
11.87
11.97
13.24
13.22
13.24
11.52
11.63
11.52
11.63
11.52
11.63
11.52
11.63
11.52
11.63
11.52
11.61
11.52
11.63
11.52
11.63
11.51
11.61
11.52
11.63
12.88
12.90
13.22
13.24
13.00
11.52
13.00
13.24
13.24
13.33
13.22
13.34
13.22
13.22
13.00
12.88
13.00
12.90
12.88
13.24
11.87
12.98
11.52
11.63
11.51
11.63
11.51
13.33
11.52
11.51
11.51
11.52
11.52
11.51
11.87
11.51
11.52
11.52
11.52
11.52
11.52
11.52
11.51
11.52
11.52
11.52
11.52
11.52
11.63
11.52
13.00
13.24
14.59
13.57
14.94
14.94
15.28
14.94
14.95
15.74
16.93
15.95
15.97
15.06
14.95
14.95
14.94
14.95
14.94
14.94
16.40
16.29
15.28
15.30
15.40
15.28
15.28
15.30
15.30
15.30
15.28
15.40
15.28
15.30
14.95
15.64
16.60
17.25
16.60
17.56
18.21
18.20
17.25
17.58
17.89
17.89
17.89
17.89
17.89
16.60
16.60
16.60
16.60
16.60
16.60
16.60
16.60
16.60
16.60
16.60
16.60
17.56
17.56
17.56
17.56
17.56
17.56
17.56
17.56
17.56
17.56
17.56
17.56
17.56
17.56
17.56
17.56
17.53
17.56
17.56
17.56
17.56
17.56
17.56
17.56
17.56
17.56
17.56
17.56
17.56
17.56
17.58
17.56
17.56
17.56
17.56
17.58
17.58
17.56
17.56
17.56
17.56
17.56
17.56
17.54
17.56
17.56
17.24
17.24
18.54
20.13
20.13
19.48
20.46
20.46
20.46
20.46
20.46
20.46
20.46
20.46
20.46
20.46
20.46
20.46
20.46
20.46
20.46
20.46
20.46
20.46
20.46
20.46
20.46
20.44
20.46
20.46
20.46
20.46
20.44
20.46
20.46
20.46
20.46
20.46
20.46
20.46
20.44
20.46
21.42
21.42
20.13
20.13
20.13
20.13
20.13
20.13
20.13
20.13
20.13
20.13
20.13
20.13
20.13
20.07
20.13
20.13
20.05
20.13
20.10
20.13
20.05
20.13
20.13
20.05
20.13
20.10
20.07
20.13
20.10
20.13
20.05
20.13
20.10
20.07
20.13
20.10
20.08
20.13
20.08
20.13
20.13
20.08
20.13
20.10
20.08
20.13
20.13
20.05
20.13
20.10
20.13
20.99
20.99
20.99
20.99
21.09
21.09
21.09
19.81
19.81
19.81
19.83
19.83
19.81
19.83
19.81
19.81
19.71
19.71
19.72
19.72
19.71
20.67
20.68
20.67
20.67
20.77
20.79
20.77
20.77
20.79
20.77
20.77
20.77
20.77
20.79
20.79
20.79
20.79
20.79
20.79
20.79
20.79
20.77
20.79
20.77
20.77
20.79
20.79
20.77
20.67
20.68
20.68
20.67
20.67
20.67
20.79
20.77
20.79
20.79
20.77
20.79
20.77
20.77
20.77
20.79
20.77
20.79
20.77
20.77
20.79
20.77
20.79
20.79
20.79
20.77
20.77
20.77
20.79
20.77
20.68
20.68
20.68
20.67
20.68
20.68
20.77
20.77
20.77
20.79
20.77
20.77
20.77
20.79
20.79
20.77
20.77
20.79
20.77
20.79
20.79
20.79
20.79
20.79
20.79
20.79
20.79
20.79
20.79
20.68
20.67
20.67
20.36
20.03
21.32
22.38
22.38
23.26
24.13
24.01
24.03
23.55
24.42
23.55
23.43
23.44
23.55
23.55
23.55
23.44
23.44
23.55
23.55
23.55
23.44
23.44
23.55
23.55
23.53
23.55
23.43
23.44
23.55
23.55
23.55
23.43
23.44
23.55
23.55
23.53
23.44
23.44
23.55
23.55
23.55
23.44
23.44
23.84
25.59
26.36
26.07
25.88
26.36
26.34
26.46
26.36
26.46
26.45
26.34
26.46
26.45
26.34
26.46
26.36
26.36
26.46
26.34
26.36
26.46
26.36
26.45
26.46
26.34
26.46
26.34
26.34
26.46
26.36
26.36
26.46
26.36
26.38
26.46
26.36
26.46
26.46
26.36
26.46
26.34
26.36
26.46
26.36
26.36
26.45
26.36
26.46
26.45
26.34
26.45
26.46
25.48
25.88
27.34
27.51
28.50
29.76
29.07
28.97
29.07
29.22
29.33
29.22
29.22
28.38
29.22
29.24
28.38
29.22
29.22
29.22
28.38
29.22
29.22
28.38
29.22
29.22
29.22
29.22
29.22
29.33
28.38
29.33
29.22
29.33
28.38
28.49
29.22
29.33
29.22
30.12
28.67
28.79
28.67
29.58
27.80
26.74
26.15
25.78
25.86
25.88
25.76
25.88
25.88
25.76
25.86
25.88
25.76
25.88
25.86
25.76
25.86
25.59
26.36
26.45
26.46
26.34
26.45
26.45
26.34
26.45
26.34
26.34
26.45
26.34
26.36
26.46
26.34
26.46
26.46
26.34
26.46
26.45
26.34
26.45
26.36
26.34
26.45
26.34
25.76
25.86
24.88
24.30
22.96
22.36
23.55
24.06
23.44
23.53
23.55
23.53
23.53
23.44
23.44
23.53
23.53
23.55
23.44
23.44
23.55
23.53
23.55
23.44
23.44
23.55
23.55
23.55
23.44
23.43
23.55
23.53
23.53
23.53
23.43
23.55
23.53
23.55
23.55
23.43
22.84
23.55
22.96
23.53
21.42
21.42
21.30
21.63
20.99
21.40
21.09
21.09
20.13
20.13
20.13
20.46
20.46
20.77
20.79
19.81
21.09
21.09
21.09
21.09
21.09
21.09
21.09
21.08
21.09
21.09
21.09
20.99
20.99
20.99
20.99
20.99
21.09
19.81
21.09
21.09
21.09
19.81
19.81
19.81
19.81
19.81
19.81
19.81
21.09
21.09
19.81
19.81
19.81
19.81
19.81
19.81
19.81
19.72
19.71
19.71
19.71
19.71
19.71
19.71
19.81
19.81
19.83
19.81
19.81
19.81
19.81
19.81
21.09
19.81
19.81
19.81
19.81
19.81
19.81
19.83
19.81
21.09
21.09
19.81
19.81
19.81
19.81
19.81
19.81
21.09
21.09
21.09
20.99
20.99
20.99
20.99
21.09
20.13
19.50
18.86
17.89
17.89
17.89
16.93
18.21
17.24
18.21
17.24
17.24
17.24
17.25
17.24
17.25
17.25
17.24
17.25
17.24
17.25
17.24
17.24
17.24
17.24
17.24
17.25
17.24
17.24
17.25
17.24
17.24
17.89
16.29
16.28
15.97
15.97
15.97
16.40
15.30
15.95
15.95
16.05
15.97
15.97
15.97
16.07
15.95
15.97
15.95
15.95
15.97
15.97
15.95
15.95
15.97
15.95
15.97
15.97
15.97
15.97
15.97
16.29
16.07
15.97
15.95
15.97
16.05
15.95
15.97
15.95
16.02
15.97
15.95
15.97
15.97
15.97
15.95
15.95
14.94
14.95
14.94
14.95
14.94
14.94
14.94
15.06
14.95
14.94
14.95
14.95
14.94
14.94
14.94
14.94
14.95
15.04
14.95
14.94
14.94
14.94
14.94
14.94
14.95
14.95
15.95
15.97
15.97
15.97
15.95
15.95
15.97
15.95
15.95
15.97
15.95
15.97
15.97
15.97
16.07
15.95
15.97
15.95
16.07
14.59
15.97
14.59
14.59
15.97
14.59
16.05
15.95
15.97
14.59
14.70
14.61
14.59
14.70
14.59
14.59
14.70
14.61
14.59
14.59
14.59
14.59
14.59
14.59
14.59
14.61
14.59
14.59
15.95
15.73
14.94
13.91
12.66
12.54
12.55
12.54
12.88
13.33
13.22
12.30
12.21
12.21
12.21
12.21
12.19
12.21
12.30
12.19
12.30
12.21
12.30
12.19
12.19
12.19
12.21
12.19
12.21
12.31
12.19
12.30
12.19
12.31
12.21
12.19
12.21
12.19
13.91
12.54
12.66
12.54
12.88
12.88
12.88
12.98
12.88
13.00
12.88
12.88
12.88
12.88
13.00
12.88
12.88
12.88
12.88
12.98
12.88
12.98
12.88
12.88
12.90
12.88
12.98
12.90
12.88
12.88
12.88
13.00
12.88
12.64
12.88
12.19
10.50
9.23
9.12
9.57
9.91
9.81
9.91
8.52
8.42
8.88
8.87
8.78
8.78
8.88
8.78
8.78
8.88
8.76
8.76
8.88
8.88
8.78
8.88
8.88
8.78
8.76
8.88
8.78
8.78
8.88
8.78
8.78
8.88
8.88
8.78
8.88
8.88
8.78
8.78
6.89
6.24
5.59
5.49
5.49
5.49
5.59
5.59
5.59
5.59
5.59
5.49
5.49
5.49
5.59
5.59
5.59
5.59
5.59
5.59
5.49
5.49
5.59
5.59
5.59
5.59
18.52
42.22
49.41
47.63
47.63
48.23
50.52
48.23
48.81
48.52
48.41
48.83
48.83
48.81
48.41
48.41
48.41
48.52
48.41
48.83
90.47
90.83
16.60
12.21
7.87
5.81
6.14
5.16
6.57
6.57
6.57
6.57
6.47
6.47
6.57
6.57
6.57
5.59
90.47
90.81
90.79
90.72
90.81
90.89
90.93
90.93
