7.82
6.53
6.53
6.43
6.43
5.56
5.56
5.56
5.57
5.56
5.56
5.45
5.45
5.45
5.56
5.56
5.56
5.56
5.56
5.56
5.56
5.45
5.45
5.45
5.56
5.56
5.56
5.56
5.56
5.56
5.45
5.45
5.45
5.56
5.56
5.56
5.56
5.56
5.56
5.45
5.45
5.44
5.56
5.56
5.56
5.56
6.53
7.72
9.74
11.56
10.43
9.18
9.16
9.06
9.16
9.18
9.07
9.07
9.18
9.06
9.07
9.16
9.07
9.07
9.16
9.16
9.07
9.18
9.18
9.06
9.18
9.18
9.06
9.07
9.18
9.07
9.07
9.18
9.06
9.06
9.16
9.16
9.06
9.18
9.18
9.07
9.06
9.16
9.06
9.07
9.16
9.07
9.74
9.50
10.43
12.13
13.48
12.57
13.48
12.57
12.47
12.47
12.47
12.47
12.47
12.47
12.57
12.47
12.57
12.47
12.47
12.47
12.81
15.19
15.54
16.50
15.86
15.86
15.86
15.86
15.86
15.86
15.86
15.86
15.97
15.86
15.85
15.86
15.97
15.86
15.86
15.86
15.97
15.86
15.86
15.86
15.86
15.86
16.82
16.19
16.29
18.42
17.78
17.15
17.15
17.46
17.46
17.46
17.46
17.46
17.46
17.46
17.46
17.46
17.46
17.46
17.46
17.46
17.46
17.46
17.46
17.46
17.46
17.46
17.46
17.46
17.46
17.46
17.46
17.46
18.09
19.05
21.30
21.51
21.51
20.22
21.83
21.28
21.28
21.30
21.30
22.24
22.24
22.24
21.28
21.30
21.30
21.28
21.28
21.18
22.14
22.14
20.97
20.96
22.24
20.96
20.97
20.97
20.97
21.28
21.30
20.96
20.01
20.01
20.01
20.97
20.97
20.96
20.01
20.01
20.01
20.01
22.52
22.54
23.12
23.89
23.87
23.41
23.39
23.39
23.31
23.31
23.41
23.39
23.41
23.41
23.29
23.29
23.39
23.41
23.39
23.41
23.31
23.31
23.41
23.39
23.39
23.41
23.31
23.31
23.39
23.98
24.56
26.48
26.87
26.60
27.94
26.29
26.21
26.19
26.29
26.19
26.19
26.29
26.19
26.19
26.29
26.19
26.19
26.29
26.19
26.21
26.29
26.21
27.05
28.02
28.50
29.67
29.84
29.57
29.05
29.15
29.05
29.15
29.05
29.15
29.05
29.15
29.05
29.15
29.05
29.15
29.05
29.15
29.05
29.15
29.82
29.05
29.05
29.15
29.05
29.82
29.05
29.05
29.82
29.05
29.82
29.84
32.69
31.38
30.87
30.36
29.84
29.94
29.84
29.94
29.84
29.94
29.82
29.94
29.82
29.84
29.82
29.84
29.82
29.82
29.93
29.82
29.94
29.05
29.15
29.82
28.61
29.84
28.61
29.05
29.15
29.05
29.15
28.52
28.61
28.79
27.46
26.77
25.90
26.29
26.19
26.19
26.29
26.21
26.19
26.29
26.21
26.21
26.29
26.19
26.19
26.29
26.21
26.19
26.29
26.19
26.19
26.29
26.19
26.19
26.29
26.19
26.19
26.29
26.19
26.19
26.29
26.19
25.04
24.56
23.70
23.08
23.00
23.00
23.12
23.12
23.12
23.12
23.00
23.02
23.10
23.10
23.12
23.12
23.10
23.00
23.00
23.12
23.12
23.12
23.10
23.00
23.02
23.12
23.10
23.12
23.12
23.10
22.14
21.83
20.96
20.32
20.34
20.32
20.32
20.34
20.32
20.34
20.34
20.32
20.32
20.34
20.32
20.32
20.22
20.22
20.22
20.24
20.24
20.24
20.24
20.22
20.24
20.24
20.22
20.24
20.22
20.22
20.22
20.24
20.22
20.22
20.24
20.24
20.22
20.22
20.24
20.22
20.22
20.22
20.24
20.22
20.24
20.22
20.22
20.01
21.18
20.55
18.09
17.77
17.13
17.77
17.77
17.78
17.77
17.78
17.78
17.78
17.78
17.78
17.78
17.77
17.77
17.77
17.78
17.77
17.77
17.78
17.78
17.78
17.78
17.78
17.78
17.78
17.77
17.77
17.13
16.82
15.54
15.97
15.86
15.86
15.86
15.86
15.86
15.86
15.86
15.86
15.86
15.86
15.86
15.86
15.86
15.86
15.86
15.86
15.86
15.86
15.86
15.86
15.86
15.86
15.97
15.86
15.86
15.86
15.97
15.86
15.86
15.86
15.97
15.86
15.86
15.86
15.86
15.86
15.86
15.86
15.86
15.19
14.51
13.26
12.13
12.25
12.13
12.23
12.13
12.23
12.13
12.13
12.13
12.13
12.13
12.13
12.23
12.13
12.23
12.13
12.23
12.13
12.23
12.13
12.23
12.13
12.13
12.13
12.13
12.13
12.13
12.13
12.13
12.23
12.14
12.23
12.14
12.25
12.13
12.23
11.80
11.22
9.40
8.15
9.18
9.74
9.84
9.84
9.74
9.84
9.84
9.74
9.86
9.74
9.74
9.84
9.74
9.74
9.86
9.74
9.74
9.84
9.74
9.74
9.84
9.74
9.74
9.84
9.74
9.84
9.84
9.76
9.84
9.78
9.74
9.84
9.74
9.74
9.86
9.74
9.76
10.53
7.72
5.78
6.86
5.88
5.88
6.86
5.88
5.78
5.78
5.88
5.88
5.88
5.88
5.88
5.88
5.78
5.78
5.78
6.84
6.86
6.86
6.76
6.76
5.88
5.88
5.88
5.88
6.84
6.74
6.76
6.86
6.86
6.84
6.84
6.74
6.74
6.84
6.86
6.86
6.74
6.74
6.84
6.86
6.86
6.86
6.74
6.74
6.86
6.86
6.86
6.74
5.45
5.45
5.56
8.15
8.15
35.77
43.73
37.73
36.24
19.38
40.71
18.40
18.73
18.42
17.46
17.77
17.78
16.50
16.82
16.81
