""" Data 6 naik """

6.21
6.21
6.21
6.21
6.11
6.11
6.21
6.21
6.21
6.21

""" Data 9 naik """

9.18
9.42
9.40
9.50
9.40
9.40
9.52
9.40
9.40
9.52

""" Data 12 naik """

12.25
12.14
12.23
12.13
12.23
12.13
12.13
13.48
12.14
12.23
12.14

""" Data 15 naik """

15.19
15.19
15.19
15.19
15.19
15.19
15.19
15.19
15.19
15.19

""" Data 18 naik """

17.78
17.78
17.78
17.78
17.77
17.78
17.78
17.78
17.78
17.77


""" Data 21 naik """

21.28
21.28
21.30
20.34
21.20
21.18
21.20
21.20
21.28
21.30

""" Data 24 naik """

24.28
24.27
23.39
23.41
23.29
23.29
23.39
23.39
23.41
23.41

""" Data 27 naik """

27.17
27.06
27.17
27.06
27.17
27.06
27.06
27.06
27.17
27.06
27.06
27.17
27.17
27.06
27.06
27.17
27.06
27.06
27.06



""" Data 30 Naik """

29.17
29.15
29.05
29.17
29.05
29.15
29.07
29.17
29.05
29.15


""" Data turun 27 """

27.17
27.37
27.94
27.06
26.21
26.31
26.21
26.29
26.31
26.21

""" Data turun 24 """

24.75
24.18
24.16
24.16
24.27
24.27
24.27
24.16
24.27
24.27
24.16
24.28
24.28
24.28
24.16
24.16
24.27
24.27
24.25
24.16
24.28
24.27
24.27
24.16
24.16
24.27
24.27
24.16
24.28
24.27

""" Data turun 21 """

21.30
21.18
20.97
20.97
20.97
20.97
20.97
20.97
20.97
20.97
20.97
20.96
20.97
21.93


""" Data turun 18 """

18.73
18.11
18.42
18.42
18.73
18.74
18.74
18.64
18.73
18.74
18.74
18.74
18.74
18.73
18.73
18.73
18.74
18.74
18.74
18.73
18.74
18.73
18.74
18.73
18.74
18.64
18.73
18.74
18.74
18.73
18.73
18.74
18.74
18.73
18.73
18.74
18.62
18.74
18.74
18.74
18.73
18.73
18.73
18.73
18.73
18.73
18.69
18.74
18.73


""" Data turun 15 """

15.86
15.54
15.86
15.86
15.86
15.86
15.86
15.86
15.86
15.86
15.97
15.86
15.86
15.86
15.86
15.86
15.86
15.86
15.86
15.86
15.86
15.86
15.86
15.86
15.86
15.86
15.86
15.86
15.86
15.86
15.86
15.86
15.86
15.86
15.86
15.86
15.86
15.86
15.86
15.97
15.86
15.86
15.86
15.97
15.86
15.86
15.86
15.97
15.86
15.86
15.86
15.86
15.86
15.86
15.86

""" Data turun 12 """

12.91
12.81
12.57
12.13
12.23
12.13
12.13
12.14
12.13
12.13
12.13
12.13
12.14
12.23
12.13
12.23
12.13
12.25
12.14
12.23
12.14
12.25
12.13
12.13
12.13
12.13
12.14
12.13
12.13
12.13
12.23
12.13
12.23
12.13
12.23
12.13
12.23
12.13
12.13
12.13
12.13
12.13
12.13
12.13
12.13
12.25
12.13
12.25
12.13
12.23
12.13
12.23
12.13
12.23
12.13
12.13
12.13
12.13
12.13
12.13
12.13
12.13

""" Data turun 9 """

9.74
9.18
9.07
9.07
9.18
9.18
9.07
9.16
9.18
9.06
9.07
9.18
9.06
9.07
9.18
9.06
9.07
9.18
9.18
9.06
9.18
9.16
9.07
9.16
9.18
9.07
9.07
9.18
9.06
9.07
9.18
9.07
9.06
9.18
9.18
9.06
9.18
9.16
9.06
9.07
9.16
9.07
9.07
9.18
9.06
9.07
9.18
9.18
9.07
9.18
9.18
9.07
9.18
9.18
9.07
9.07
9.18
9.06
9.07

""" Data turun 6 """

6.53
6.21
6.21
6.21
6.84
6.86
6.84
6.76
6.86
6.76
6.86
6.74
6.76
6.84
6.86
6.86
6.86
6.74
6.76
6.86
6.84
6.86
6.76
6.76
6.86
6.86
6.86
6.86
6.76
6.76
6.86
6.86
6.84
6.76
6.86
6.74
6.74
6.86
6.86
6.86
6.74
6.76
6.76
6.86
6.84
6.86
6.74
