5.23
5.23
5.23
5.23
5.23
5.56
5.45
5.45
5.45
5.56
5.23
5.23
5.56
5.56
5.56
5.56
5.45
5.45
5.45
5.56
5.57
5.56
5.56
5.23
5.23
5.51
5.45
5.45
5.54
5.56
5.56
5.56
5.56
5.56
5.56
5.45
5.45
5.45
5.56
5.56
5.57
5.56
5.56
5.56
5.45
5.45
5.45
5.56
5.56
5.56
5.56
5.56
5.56
5.51
5.45
5.45
5.52
5.56
5.56
5.56
5.56
5.56
5.56
5.45
5.45
5.45
5.56
5.56
5.56
5.56
5.56
5.56
5.45
5.45
5.45
5.23
6.53
7.49
8.83
9.76
8.47
8.83
8.71
8.78
8.83
8.73
8.73
8.83
8.83
8.71
8.83
8.83
8.73
8.71
8.83
8.71
8.73
8.83
8.83
8.71
8.73
8.83
8.73
8.73
8.83
8.83
8.73
8.83
8.83
8.73
8.71
8.83
8.71
8.73
8.82
8.83
8.71
8.73
8.83
8.73
8.73
8.83
8.83
8.73
8.83
8.83
8.71
8.73
8.83
8.83
8.73
8.83
8.47
10.08
12.23
13.84
14.18
13.15
13.15
13.60
13.50
12.23
13.50
12.13
12.13
12.14
12.13
17.46
12.13
13.50
12.13
12.23
12.14
12.23
12.14
12.23
12.14
12.23
12.13
12.25
12.13
12.13
12.13
12.14
12.13
12.13
12.14
12.13
12.23
12.13
12.23
12.13
12.23
12.13
13.48
13.50
14.85
14.63
15.54
16.17
14.51
15.86
16.82
15.86
16.82
16.82
16.82
16.82
16.82
16.82
16.93
16.82
16.82
16.82
16.82
16.88
16.82
16.82
16.82
16.82
16.82
16.82
16.82
16.82
16.82
16.82
16.82
16.82
16.82
16.82
16.82
16.82
16.81
16.82
16.82
16.82
16.82
16.82
16.82
16.82
16.82
16.82
16.82
16.82
15.86
15.86
15.86
15.86
15.97
15.86
15.86
15.86
15.97
15.86
15.86
15.86
15.97
15.86
15.86
15.86
15.86
15.86
15.86
15.86
15.86
15.86
15.86
15.86
15.86
15.86
15.86
15.86
15.86
15.86
15.86
15.86
15.86
15.86
15.86
15.97
15.86
15.86
15.86
15.97
15.86
15.86
15.86
15.97
15.56
16.50
16.52
16.60
16.82
16.82
16.82
17.13
17.17
17.13
17.15
17.15
17.13
17.15
17.13
17.13
17.15
17.15
17.15
17.24
17.13
17.13
17.13
17.13
17.13
17.13
17.13
17.13
17.13
17.15
17.13
17.13
17.15
17.13
18.42
16.82
18.09
19.05
19.36
19.05
20.01
19.69
20.97
20.01
20.01
20.01
20.01
20.01
20.01
20.01
20.01
20.01
20.01
20.01
20.01
20.01
20.01
20.01
20.01
20.01
20.01
20.01
20.01
20.01
20.01
20.01
19.91
19.91
19.91
19.91
19.91
19.91
19.69
20.87
20.55
21.51
22.43
22.54
22.54
22.54
22.54
22.54
22.54
22.43
22.43
22.55
22.54
22.54
22.54
22.54
22.54
22.43
22.43
22.54
23.41
22.54
23.41
23.41
23.31
23.31
22.54
22.54
22.54
22.54
22.54
22.43
22.43
22.43
22.54
22.54
22.54
22.54
22.54
22.54
22.43
22.43
22.54
22.54
22.54
22.54
22.54
22.54
22.43
22.43
22.54
22.54
22.54
22.54
22.54
22.54
22.43
22.43
22.54
22.54
22.54
22.54
22.54
22.54
22.43
22.43
22.54
22.54
22.54
22.54
22.54
22.54
22.43
22.45
22.43
22.54
22.54
22.54
24.28
25.04
25.31
25.43
25.42
25.31
25.43
26.00
25.91
25.43
25.43
26.77
25.33
25.42
25.42
25.33
25.43
26.02
25.90
25.43
25.43
25.33
25.31
25.43
25.42
25.31
25.43
25.43
25.33
25.33
25.43
25.43
25.33
25.43
25.43
25.33
25.33
25.43
25.43
25.33
26.60
26.87
27.06
29.15
27.92
28.33
28.21
29.15
28.21
28.23
28.21
28.21
28.33
28.21
28.31
28.23
28.31
28.21
28.33
28.21
28.21
28.23
28.21
28.33
28.23
28.31
28.23
28.31
28.21
28.33
28.23
28.23
28.33
28.21
28.31
28.21
28.33
28.23
28.31
28.21
28.33
28.21
28.23
28.33
28.21
28.33
28.23
28.33
28.23
28.33
28.23
28.90
28.23
27.06
26.60
26.21
25.72
25.14
25.04
25.90
27.17
28.79
28.62
27.94
27.92
28.79
28.79
28.02
27.94
28.04
27.94
28.04
27.94
27.92
27.94
27.94
28.04
27.92
28.04
27.94
27.94
27.94
27.94
28.04
27.94
28.04
27.94
28.04
27.92
27.94
28.90
27.94
28.02
27.92
28.02
27.92
27.92
27.92
27.94
28.02
27.94
28.04
28.78
28.02
28.23
28.50
27.46
26.48
27.17
26.48
25.33
25.43
25.42
25.33
25.43
25.42
25.33
25.33
26.02
25.90
25.90
26.02
26.02
25.90
26.02
26.00
25.90
26.00
26.00
25.90
25.91
26.00
25.91
25.90
26.02
25.90
25.91
25.43
25.43
25.31
25.43
25.43
25.33
25.33
26.02
25.91
25.90
26.00
25.90
25.90
26.02
25.43
25.90
25.43
26.00
25.91
26.02
26.00
25.90
25.91
26.02
25.90
25.90
26.00
25.90
25.90
26.00
26.00
25.91
26.02
26.00
25.91
26.00
26.00
25.91
26.02
26.00
25.90
25.90
26.02
25.90
25.90
26.00
25.90
25.90
26.00
25.90
25.91
26.00
26.00
25.91
26.00
26.02
25.90
26.02
26.00
25.90
26.02
26.00
25.90
25.91
25.43
25.33
25.91
26.00
26.00
25.91
25.43
25.43
25.31
25.42
25.43
25.31
24.75
23.98
22.83
23.12
22.54
22.43
22.43
22.43
22.54
22.54
22.54
22.54
22.54
22.47
22.43
22.43
22.54
22.54
22.54
22.54
22.54
22.54
22.42
22.43
22.54
22.54
22.54
22.54
22.54
22.54
22.43
22.43
22.54
22.54
22.54
21.61
20.32
19.38
19.38
20.65
19.71
20.01
20.01
20.01
19.71
19.71
19.71
19.69
19.69
19.69
19.59
19.59
19.59
19.69
19.69
19.69
19.71
19.69
19.69
19.69
19.69
19.69
19.69
19.69
19.69
19.69
19.69
20.97
19.69
19.69
19.69
20.97
19.71
20.01
19.38
18.73
18.09
18.42
17.15
17.77
16.82
16.82
17.15
17.15
17.15
17.13
17.13
17.15
17.13
17.15
17.13
17.15
17.13
17.24
17.13
17.13
17.13
17.15
17.13
17.13
17.13
17.13
17.15
17.13
17.15
17.15
17.13
17.13
17.13
17.15
17.15
17.13
17.15
17.13
17.15
17.13
17.13
17.15
16.50
16.82
16.82
15.86
16.50
15.86
16.52
15.54
15.56
16.82
15.97
15.86
15.86
15.86
15.97
15.86
15.86
15.86
15.97
15.86
15.86
15.86
15.86
15.86
15.86
15.86
15.86
15.86
15.86
15.86
15.86
15.86
15.86
15.86
15.86
15.19
15.86
12.91
11.46
12.25
12.13
11.90
11.78
13.26
13.50
16.19
15.19
16.50
16.50
23.12
15.19
15.19
15.30
15.21
15.19
15.30
15.19
15.19
16.50
15.30
15.19
15.19
15.19
15.19
15.19
15.19
16.19
16.50
16.50
16.17
15.30
15.19
15.19
15.19
15.19
15.19
15.19
15.19
15.19
15.19
15.30
15.19
15.19
15.19
15.19
15.19
15.19
15.28
15.19
15.19
15.30
15.19
15.19
15.19
15.19
15.19
15.19
15.30
15.19
15.19
15.19
16.50
16.50
15.19
15.25
13.48
12.81
12.25
10.08
12.13
10.43
9.40
8.47
8.47
8.73
8.83
8.83
8.73
8.73
8.83
8.73
8.73
8.83
8.83
8.73
8.82
8.83
8.73
8.73
8.82
8.83
8.73
8.82
8.83
8.73
8.73
8.83
8.73
8.73
8.83
8.83
8.73
8.83
8.82
8.73
8.73
8.83
8.83
8.71
8.83
8.83
8.73
8.73
8.83
8.73
8.73
8.83
8.83
8.71
8.73
8.83
8.73
8.71
8.83
8.83
8.73
8.83
8.83
8.71
8.73
7.82
7.82
6.11
5.45
5.13
5.23
5.23
5.25
5.23
5.23
5.25
5.25
5.23
5.13
5.13
5.13
5.23
5.25
5.23
5.25
5.23
5.25
5.23
5.23
5.13
5.13
5.45
5.56
5.56
5.56
5.56
5.56
5.56
5.49
5.45
5.45
5.51
5.56
5.56
5.56
5.56
5.56
5.56
5.56
5.56
5.56
5.45
5.45
5.45
5.56
5.56
5.56
5.56
5.56
5.56
5.56
5.45
5.45
5.49
5.56
5.56
5.56
5.56
5.56
5.57
5.45
5.45
5.45
5.56
5.56
5.56
5.56
5.56
5.56
5.45
5.45
5.45
5.56
5.56
5.56
5.56
5.56
5.56
5.56
5.45
5.45
5.45
5.56
5.56
5.56
5.56
5.56
5.56
5.45
5.45
5.45
5.56
5.56
5.56
5.56
5.56
5.23
5.25
5.13
5.15
5.13
5.23
5.23
5.23
5.23
5.23
5.23
5.23
5.25
5.13
5.13
5.13
5.23
5.25
5.23
5.23
5.25
5.23
5.23
5.25
5.13
5.13
5.13
5.56
5.56
5.56
5.56
5.56
5.56
5.56
5.45
5.45
5.45
5.56
5.56
5.56
5.56
5.56
5.56
5.45
5.45
5.45
5.56
5.56
5.56
5.23
7.49
8.04
9.40
9.52
8.37
8.37
9.84
9.74
9.76
9.86
9.74
9.74
9.84
9.74
9.74
9.84
9.74
9.74
9.84
9.74
9.84
9.84
9.74
8.83
9.84
9.74
9.84
9.84
9.74
9.86
9.74
9.74
9.84
9.74
9.74
9.86
9.74
9.74
9.86
8.37
9.76
9.84
9.74
9.76
8.47
8.37
8.35
8.45
8.47
9.74
9.78
8.47
9.74
9.74
9.84
9.76
8.47
9.84
9.74
9.76
9.86
8.37
9.76
8.47
8.35
8.37
8.47
8.47
8.37
8.37
8.47
8.47
8.35
8.47
8.47
8.37
8.37
8.47
8.47
8.37
8.37
8.47
8.47
8.37
8.47
8.47
8.37
8.37
8.47
8.47
8.37
8.37
8.47
8.47
8.37
9.86
8.47
8.37
8.37
8.47
8.47
8.37
8.42
8.47
8.37
8.37
9.86
11.46
16.82
12.47
14.17
12.47
12.81
12.57
14.18
12.57
14.18
12.47
12.47
12.47
14.29
12.47
14.17
12.47
12.47
12.57
12.47
12.57
14.17
14.17
14.17
14.18
14.17
12.47
12.47
12.47
12.47
12.57
12.47
12.57
12.47
12.47
12.47
12.47
12.47
12.47
12.57
12.47
18.73
12.91
13.82
16.19
15.86
15.86
15.86
15.86
16.82
16.81
16.82
16.81
15.86
15.86
16.82
16.81
15.86
15.86
15.86
15.86
15.86
15.86
15.86
15.86
15.86
16.82
16.82
16.81
16.82
16.82
16.82
16.81
16.81
15.86
15.86
15.86
15.86
15.86
15.86
15.85
16.81
16.19
16.17
19.38
26.77
42.62
16.82
18.42
17.46
18.42
18.42
17.46
17.46
17.46
17.46
17.46
17.46
17.46
17.46
17.13
17.13
17.13
17.13
17.13
17.13
17.13
17.13
17.13
17.15
17.13
17.13
17.15
17.13
17.13
17.13
17.15
17.13
17.13
17.15
17.13
17.13
17.15
17.13
17.15
17.13
17.13
17.13
17.13
17.15
17.13
17.15
17.13
17.13
17.13
17.13
16.82
18.09
18.09
19.05
19.38
19.71
19.59
19.59
19.60
20.85
20.87
20.87
19.59
20.87
20.87
20.87
20.85
20.97
20.97
20.97
20.96
20.97
20.96
20.97
20.97
20.96
20.97
20.97
20.97
20.96
20.97
20.97
20.97
20.97
20.97
20.97
20.96
20.96
20.96
20.97
20.97
20.97
20.87
20.87
20.87
20.87
20.87
20.87
20.97
20.96
20.97
20.97
20.97
20.97
20.97
20.96
20.96
20.97
20.97
19.71
19.71
19.71
19.69
19.69
19.69
19.69
20.97
20.97
20.97
20.97
20.97
20.96
20.96
20.97
20.97
20.97
20.97
20.97
19.69
19.69
20.97
20.97
20.97
20.97
20.97
20.97
20.97
20.97
20.97
20.97
20.96
20.96
20.97
20.97
20.87
20.85
20.85
20.87
20.87
20.87
20.85
20.97
20.97
20.96
20.97
20.97
20.97
20.97
20.01
19.69
24.27
20.01
19.36
19.36
19.38
19.38
20.65
20.67
19.69
20.97
20.97
19.69
20.97
20.97
20.01
20.01
20.01
20.34
20.32
20.01
20.01
20.01
20.01
19.59
20.55
20.55
20.55
20.55
20.55
20.67
21.63
20.34
20.32
20.34
20.34
20.34
20.34
20.34
20.34
20.34
20.34
20.32
20.32
20.34
20.34
20.32
20.34
20.34
20.24
20.22
20.24
20.24
20.24
20.22
20.22
20.22
20.22
20.24
20.24
20.24
20.24
20.24
20.24
20.22
20.24
20.24
20.22
20.24
20.22
19.33
19.38
19.38
19.38
19.38
19.38
19.38
19.38
19.38
19.38
19.38
19.38
19.38
19.38
19.36
19.36
19.28
19.28
19.38
19.38
19.38
19.38
19.38
19.38
19.38
19.38
19.38
19.38
19.38
19.38
19.38
19.38
19.38
19.28
20.24
19.28
20.22
20.31
20.29
20.32
20.29
20.34
20.34
20.34
20.32
20.32
20.29
20.32
20.29
20.32
21.20
21.20
21.18
20.85
20.97
20.97
20.97
20.97
20.97
20.97
20.96
20.97
20.97
20.97
20.97
20.97
20.97
20.97
20.97
20.97
20.97
20.97
20.97
20.97
20.96
20.97
20.97
20.96
20.96
20.85
20.87
20.55
20.87
21.81
22.83
24.27
22.83
22.54
22.54
22.42
22.43
22.54
22.54
22.54
22.54
22.54
22.54
22.43
22.42
22.43
22.54
22.52
22.54
22.54
22.54
22.54
22.43
22.43
22.54
22.54
22.54
22.54
22.52
22.54
22.43
22.43
22.54
22.54
22.54
22.54
22.54
22.54
22.43
22.43
22.54
22.54
22.54
22.54
22.54
22.54
22.43
22.43
22.54
22.54
22.54
22.54
22.54
22.54
22.43
22.43
22.43
22.54
22.54
22.54
22.54
22.54
22.54
22.43
22.43
22.54
22.54
22.54
22.54
22.54
22.54
22.43
22.43
22.54
22.54
22.54
22.54
22.54
22.54
22.43
22.43
22.54
22.54
22.54
22.54
22.54
22.54
22.43
22.42
22.54
22.54
22.54
22.54
22.54
22.54
22.43
22.43
22.43
22.54
22.54
22.52
22.54
22.54
22.54
22.42
22.43
22.54
22.54
23.70
24.56
25.04
25.90
27.46
26.21
26.58
26.58
26.48
26.58
26.60
26.48
26.58
26.48
26.48
26.58
26.48
26.48
26.60
26.48
26.48
26.58
26.48
26.58
26.60
26.48
26.58
26.58
26.50
26.58
26.48
26.48
26.58
26.48
26.48
26.58
26.48
26.48
26.58
26.50
26.58
26.58
26.48
26.58
26.60
26.48
26.58
26.58
26.48
26.58
26.48
26.48
26.58
26.48
26.48
26.58
26.48
26.48
27.17
27.35
28.31
28.50
28.62
28.23
28.50
28.79
28.79
28.78
28.79
28.79
28.79
28.90
27.94
28.02
27.92
28.04
27.94
27.92
27.92
27.94
28.04
27.94
28.04
27.92
28.02
27.94
27.92
28.02
27.92
28.04
27.92
28.04
27.94
27.92
28.04
27.94
28.04
27.94
28.04
27.92
27.92
28.04
27.92
28.04
28.79
28.04
27.92
28.04
27.94
27.94
28.04
27.94
28.04
27.92
28.04
27.94
27.94
28.02
27.92
28.02
27.94
28.04
27.94
27.94
28.02
27.94
28.04
27.94
28.90
28.79
28.90
28.79
28.90
28.79
28.79
28.79
28.79
28.79
28.79
28.79
28.79
28.79
28.79
28.90
28.79
28.90
28.79
28.90
28.79
28.90
28.79
28.90
28.79
28.90
28.79
28.90
27.92
28.04
27.92
27.92
28.02
27.94
28.02
27.92
28.04
27.94
28.79
28.79
28.79
28.79
27.94
28.02
27.94
28.04
28.79
28.90
28.79
28.90
28.79
27.73
26.87
25.62
25.14
25.14
25.02
25.91
26.00
25.04
25.02
25.14
25.14
25.04
25.04
25.14
25.14
25.02
25.04
25.14
25.14
25.04
25.14
25.14
25.04
25.04
25.14
25.14
25.02
25.04
25.14
25.14
25.04
25.12
25.14
25.04
25.04
25.14
26.87
35.77
29.33
29.15
28.52
28.61
28.50
28.90
28.79
28.90
28.79
28.79
28.79
28.79
28.79
28.79
28.79
28.79
28.79
29.31
29.05
29.05
26.31
25.90
25.90
26.02
25.04
25.04
25.14
25.12
25.04
25.04
25.14
25.14
25.04
25.14
25.14
25.04
25.04
25.14
25.14
25.04
25.04
25.14
25.14
25.04
25.04
25.14
25.14
25.04
25.14
25.14
25.91
25.04
26.02
25.91
25.04
26.02
25.14
25.91
25.14
25.14
25.91
25.04
25.14
25.14
25.91
25.91
26.00
25.90
25.90
25.42
24.85
23.60
23.39
22.54
23.12
23.70
22.24
22.14
22.14
22.14
22.24
22.24
22.24
22.24
22.24
22.24
22.24
22.14
22.14
22.24
22.24
22.24
22.24
22.26
22.24
22.24
22.14
22.14
22.16
22.26
22.24
22.24
22.54
22.83
21.63
20.34
20.65
19.38
19.71
20.97
20.03
20.97
20.97
20.97
20.87
20.87
20.87
20.87
20.87
20.85
20.87
20.97
20.97
20.97
20.97
20.97
20.97
20.97
20.97
20.01
20.97
20.97
20.97
20.97
20.01
20.97
20.97
20.01
18.74
18.09
17.77
16.82
16.82
16.82
16.82
16.82
16.82
16.82
16.82
16.82
16.82
16.81
16.82
16.82
16.82
16.82
16.82
16.82
16.82
16.82
16.82
16.82
16.82
16.82
16.82
16.82
16.82
16.82
17.13
16.50
16.50
16.82
14.17
14.17
14.17
14.18
14.17
14.17
14.17
14.18
14.17
14.17
14.29
14.17
14.17
15.30
14.17
15.19
15.26
15.19
15.19
15.19
15.19
15.19
15.19
15.30
15.19
15.19
15.19
15.19
15.19
15.19
15.30
15.19
15.19
15.30
15.21
15.19
15.19
15.19
15.19
15.19
15.30
15.19
15.19
15.19
15.19
15.19
14.17
15.19
15.19
15.19
15.30
15.19
14.18
13.60
13.15
12.19
11.78
11.78
11.78
11.78
11.78
11.80
11.80
11.78
11.78
11.78
11.80
11.78
11.78
11.78
11.80
11.78
11.78
11.78
11.78
11.78
11.78
11.80
11.83
11.78
11.90
11.80
11.88
11.80
11.90
11.78
11.90
11.78
11.88
11.44
9.86
8.15
8.04
8.04
9.50
9.42
8.35
8.47
8.47
8.37
8.37
8.47
8.47
8.37
8.47
8.47
9.74
9.74
9.84
9.74
9.74
9.84
9.40
9.84
9.50
9.74
9.84
9.84
9.74
9.84
9.74
9.74
9.84
9.74
9.74
9.84
9.74
9.74
9.84
9.74
9.74
9.86
9.76
9.83
9.86
8.37
9.40
8.15
8.73
7.72
6.53
5.23
4.90
5.88
5.88
5.88
5.78
4.80
5.78
5.88
5.88
5.56
5.56
5.56
5.56
5.45
5.45
5.45
5.56
5.56
5.88
5.56
5.56
5.56
6.11
5.45
6.86
5.88
5.88
5.88
5.88
5.78
5.78
5.78
5.88
6.86
6.86
5.88
5.78
6.74
6.76
6.86
5.88
5.88
5.88
5.78
5.78
5.78
5.88
5.88
5.88
5.88
5.88
6.11
6.11
6.11
6.21
6.21
6.21
6.21
6.11
6.11
6.11
6.21
6.21
6.21
6.21
6.09
6.11
6.21
6.21
6.21
5.23
6.21
6.11
5.13
6.11
6.21
6.21
6.21
6.21
6.09
6.11
6.09
6.21
6.21
5.88
5.88
6.21
5.13
5.13
6.11
5.88
5.88
5.88
5.88
5.88
5.78
5.78
5.78
5.88
5.88
6.21
5.88
5.88
5.78
5.78
5.78
5.88
5.88
5.88
5.88
6.21
9.42
50.58
16.19
16.19
